Start: 2022 10 20   15 30  8.000          39ยบ28'53.15880"     -0ยบ20'11.80680"    71.016
Stop : 2022 10 20   15 38 59.000          39ยบ28'53.27400"     -0ยบ20'11.81040"    60.056
