Start: 2022 10 20   15 49 10.000          39ยบ28'57.24840"     -0ยบ20'25.21680"    57.545
Stop : 2022 10 20   15 55 13.000          39ยบ28'53.42160"      -0ยบ20'7.92600"    56.641
