Start: 2022 10 20   15 40  0.000          39ยบ28'53.25960"     -0ยบ20'11.79240"    57.936
Stop : 2022 10 20   15 48 59.000          39ยบ28'57.24480"     -0ยบ20'25.20240"    56.889
