Start: 2022 10 20   15 39  0.000          39ยบ28'53.27400"     -0ยบ20'11.80680"    59.933
Stop : 2022 10 20   15 39 59.000          39ยบ28'53.26320"     -0ยบ20'11.78880"    57.686
