2022 10 20   15 30  8.000
-------------------------

2022 10 20   15 30  8.000 -> FLPOS available with error =   0.033
2022 10 20   15 30  8.000 -> FRPOS available with error =   0.055
2022 10 20   15 30  8.000 -> BLPOS available with error =   0.030

THREE positions are available -> FL FR BL

Coordinates in the n-frame

FL ( 0.000, 0.000, 0.000)
FR (-0.773, 0.170,-0.043)
BL (-0.174,-0.760,-0.066)

Computed Euler angles:

roll  =    -3.108929776
pitch =     4.837571975
yaw1  =    77.141831832
yaw2  =    77.588059038
yaw   =    77.364945435


Rotation matrix:

    2.1796108098e-01   -9.7534743051e-01   -3.4501550211e-02
    9.7230715433e-01    2.1395544831e-01    9.4031185116e-02
   -8.4331280148e-02   -5.4041242859e-02    9.9497124544e-01

alpha =        3.108930 (deg)
beta  =       -4.837572 (deg)
gamma =      -77.364945 (deg)

Trasladando el bframe:

       0.000       0.000      -0.800      -0.800      -0.400       0.320      -0.414
       0.000       0.800       0.000       0.800       0.400       0.382       0.400
       0.000       0.000       0.000       0.000       0.000      -0.495      -0.010

Transformando el bframe con el roll, pitch y yaw calculados (origen receptor):

FL ( 0.000, 0.000, 0.000)
FR (-0.780, 0.171,-0.043)
BL (-0.174,-0.778, 0.067)
BR (-0.955,-0.607, 0.024)
OR (-0.477,-0.303, 0.012)
CAM(-0.286, 0.346,-0.540)
INS(-0.480,-0.318, 0.003)

Transformando el bframe con el roll, pitch y yaw calculados (origen b-frame):

FL ( 0.477, 0.303,-0.012)
FR (-0.303, 0.475,-0.055)
BL ( 0.303,-0.475, 0.055)
BR (-0.477,-0.303, 0.012)
OR ( 0.000, 0.000, 0.000)
CAM( 0.192, 0.650,-0.552)
INS(-0.003,-0.015,-0.009)

2022 10 20   15 30  9.000
-------------------------

2022 10 20   15 30  9.000 -> FLPOS available with error =   0.027
2022 10 20   15 30  9.000 -> FRPOS available with error =   0.055
2022 10 20   15 30  9.000 -> BLPOS available with error =   0.030

THREE positions are available -> FL FR BL

Coordinates in the n-frame

FL ( 0.000, 0.000, 0.000)
FR (-0.771, 0.169,-0.046)
BL (-0.175,-0.758,-0.054)

Computed Euler angles:

roll  =    -3.334500721
pitch =     3.969657849
yaw1  =    77.033037677
yaw2  =    77.623006849
yaw   =    77.328022263


Rotation matrix:

    2.1884276392e-01   -9.7487348863e-01   -4.1587568514e-02
    9.7330123974e-01    2.1506907805e-01    8.0187208377e-02
   -6.9228183555e-02   -5.8025622305e-02    9.9591188654e-01

alpha =        3.334501 (deg)
beta  =       -3.969658 (deg)
gamma =      -77.328022 (deg)

Trasladando el bframe:

       0.000       0.000      -0.800      -0.800      -0.400       0.320      -0.414
       0.000       0.800       0.000       0.800       0.400       0.382       0.400
       0.000       0.000       0.000       0.000       0.000      -0.495      -0.010

Transformando el bframe con el roll, pitch y yaw calculados (origen receptor):

FL ( 0.000, 0.000, 0.000)
FR (-0.780, 0.172,-0.046)
BL (-0.175,-0.779, 0.055)
BR (-0.955,-0.607, 0.009)
OR (-0.477,-0.303, 0.004)
CAM(-0.282, 0.354,-0.537)
INS(-0.480,-0.318,-0.005)

Transformando el bframe con el roll, pitch y yaw calculados (origen b-frame):

FL ( 0.477, 0.303,-0.004)
FR (-0.302, 0.475,-0.051)
BL ( 0.302,-0.475, 0.051)
BR (-0.477,-0.303, 0.004)
OR ( 0.000, 0.000, 0.000)
CAM( 0.196, 0.657,-0.542)
INS(-0.003,-0.014,-0.009)

2022 10 20   15 30 10.000
-------------------------

2022 10 20   15 30  9.999 -> FLPOS available with error =   0.033
2022 10 20   15 30  9.999 -> FRPOS available with error =   0.054
2022 10 20   15 30  9.999 -> BLPOS available with error =   0.027

THREE positions are available -> FL FR BL

Coordinates in the n-frame

FL ( 0.000, 0.000, 0.000)
FR (-0.771, 0.168,-0.037)
BL (-0.174,-0.758,-0.054)

Computed Euler angles:

roll  =    -2.684001278
pitch =     3.970923192
yaw1  =    77.104331374
yaw2  =    77.693255519
yaw   =    77.398793447


Rotation matrix:

    2.1764005156e-01   -9.7554904729e-01   -3.0608238821e-02
    9.7356931735e-01    2.1475976057e-01    7.7724060330e-02
   -6.9250214966e-02   -4.6715110671e-02    9.9650494538e-01

alpha =        2.684001 (deg)
beta  =       -3.970923 (deg)
gamma =      -77.398793 (deg)

Trasladando el bframe:

       0.000       0.000      -0.800      -0.800      -0.400       0.320      -0.414
       0.000       0.800       0.000       0.800       0.400       0.382       0.400
       0.000       0.000       0.000       0.000       0.000      -0.495      -0.010

Transformando el bframe con el roll, pitch y yaw calculados (origen receptor):

FL ( 0.000, 0.000, 0.000)
FR (-0.780, 0.172,-0.037)
BL (-0.174,-0.779, 0.055)
BR (-0.955,-0.607, 0.018)
OR (-0.477,-0.304, 0.009)
CAM(-0.288, 0.355,-0.533)
INS(-0.480,-0.318, 0.000)

Transformando el bframe con el roll, pitch y yaw calculados (origen b-frame):

FL ( 0.477, 0.304,-0.009)
FR (-0.303, 0.475,-0.046)
BL ( 0.303,-0.475, 0.046)
BR (-0.477,-0.304, 0.009)
OR ( 0.000, 0.000, 0.000)
CAM( 0.189, 0.659,-0.542)
INS(-0.003,-0.014,-0.009)

2022 10 20   15 30 11.000
-------------------------

2022 10 20   15 30 11.000 -> FLPOS available with error =   0.027
2022 10 20   15 30 11.000 -> FRPOS available with error =   0.052
2022 10 20   15 30 11.000 -> BLPOS available with error =   0.027

THREE positions are available -> FL FR BL

Coordinates in the n-frame

FL ( 0.000, 0.000, 0.000)
FR (-0.772, 0.175,-0.049)
BL (-0.175,-0.757,-0.051)

Computed Euler angles:

roll  =    -3.540474539
pitch =     3.754411656
yaw1  =    77.014135122
yaw2  =    77.219312523
yaw   =    77.116723822


Rotation matrix:

    2.2248707766e-01   -9.7386737510e-01   -4.5627141052e-02
    9.7273422621e-01    2.1859820898e-01    7.7478695085e-02
   -6.5479962093e-02   -6.1621090195e-02    9.9594940424e-01

alpha =        3.540475 (deg)
beta  =       -3.754412 (deg)
gamma =      -77.116724 (deg)

Trasladando el bframe:

       0.000       0.000      -0.800      -0.800      -0.400       0.320      -0.414
       0.000       0.800       0.000       0.800       0.400       0.382       0.400
       0.000       0.000       0.000       0.000       0.000      -0.495      -0.010

Transformando el bframe con el roll, pitch y yaw calculados (origen receptor):

FL ( 0.000, 0.000, 0.000)
FR (-0.779, 0.175,-0.049)
BL (-0.178,-0.778, 0.052)
BR (-0.957,-0.603, 0.003)
OR (-0.479,-0.302, 0.002)
CAM(-0.278, 0.356,-0.537)
INS(-0.481,-0.316,-0.007)

Transformando el bframe con el roll, pitch y yaw calculados (origen b-frame):

FL ( 0.479, 0.302,-0.002)
FR (-0.301, 0.477,-0.051)
BL ( 0.301,-0.477, 0.051)
BR (-0.479,-0.302, 0.002)
OR ( 0.000, 0.000, 0.000)
CAM( 0.200, 0.658,-0.539)
INS(-0.003,-0.014,-0.009)

2022 10 20   15 30 12.000
-------------------------

2022 10 20   15 30 12.000 -> FLPOS available with error =   0.030
2022 10 20   15 30 12.000 -> FRPOS available with error =   0.051
2022 10 20   15 30 12.000 -> BLPOS available with error =   0.030

THREE positions are available -> FL FR BL

Coordinates in the n-frame

FL ( 0.000, 0.000, 0.000)
FR (-0.771, 0.176,-0.036)
BL (-0.176,-0.753,-0.059)

Computed Euler angles:

roll  =    -2.605035386
pitch =     4.361422719
yaw1  =    76.867192272
yaw2  =    77.131537712
yaw   =    76.999364992


Rotation matrix:

    2.2431040449e-01   -9.7413820419e-01   -2.7195616918e-02
    9.7154597965e-01    2.2136154248e-01    8.4246524732e-02
   -7.6047694602e-02   -4.5319164321e-02    9.9607375304e-01

alpha =        2.605035 (deg)
beta  =       -4.361423 (deg)
gamma =      -76.999365 (deg)

Trasladando el bframe:

       0.000       0.000      -0.800      -0.800      -0.400       0.320      -0.414
       0.000       0.800       0.000       0.800       0.400       0.382       0.400
       0.000       0.000       0.000       0.000       0.000      -0.495      -0.010

Transformando el bframe con el roll, pitch y yaw calculados (origen receptor):

FL ( 0.000, 0.000, 0.000)
FR (-0.779, 0.177,-0.036)
BL (-0.179,-0.777, 0.061)
BR (-0.959,-0.600, 0.025)
OR (-0.479,-0.300, 0.012)
CAM(-0.287, 0.354,-0.535)
INS(-0.482,-0.315, 0.003)

Transformando el bframe con el roll, pitch y yaw calculados (origen b-frame):

FL ( 0.479, 0.300,-0.012)
FR (-0.300, 0.477,-0.049)
BL ( 0.300,-0.477, 0.049)
BR (-0.479,-0.300, 0.012)
OR ( 0.000, 0.000, 0.000)
CAM( 0.192, 0.654,-0.547)
INS(-0.003,-0.014,-0.009)

2022 10 20   15 30 13.000
-------------------------

2022 10 20   15 30 13.000 -> FLPOS available with error =   0.033
2022 10 20   15 30 13.000 -> FRPOS available with error =   0.048
2022 10 20   15 30 13.000 -> BLPOS available with error =   0.027

THREE positions are available -> FL FR BL

Coordinates in the n-frame

FL ( 0.000, 0.000, 0.000)
FR (-0.770, 0.176,-0.041)
BL (-0.175,-0.756,-0.054)

Computed Euler angles:

roll  =    -2.969908072
pitch =     3.979509168
yaw1  =    76.995983910
yaw2  =    77.113399383
yaw   =    77.054691647


Rotation matrix:

    2.2348073856e-01   -9.7408087989e-01   -3.4968542006e-02
    9.7223456019e-01    2.2021566822e-01    7.9151875806e-02
   -6.9399707985e-02   -5.1686544721e-02    9.9624905602e-01

alpha =        2.969908 (deg)
beta  =       -3.979509 (deg)
gamma =      -77.054692 (deg)

Trasladando el bframe:

       0.000       0.000      -0.800      -0.800      -0.400       0.320      -0.414
       0.000       0.800       0.000       0.800       0.400       0.382       0.400
       0.000       0.000       0.000       0.000       0.000      -0.495      -0.010

Transformando el bframe con el roll, pitch y yaw calculados (origen receptor):

FL ( 0.000, 0.000, 0.000)
FR (-0.779, 0.176,-0.041)
BL (-0.179,-0.778, 0.056)
BR (-0.958,-0.602, 0.014)
OR (-0.479,-0.301, 0.007)
CAM(-0.283, 0.356,-0.535)
INS(-0.482,-0.315,-0.002)

Transformando el bframe con el roll, pitch y yaw calculados (origen b-frame):

FL ( 0.479, 0.301,-0.007)
FR (-0.300, 0.477,-0.048)
BL ( 0.300,-0.477, 0.048)
BR (-0.479,-0.301, 0.007)
OR ( 0.000, 0.000, 0.000)
CAM( 0.196, 0.657,-0.542)
INS(-0.003,-0.014,-0.009)

2022 10 20   15 30 14.000
-------------------------

2022 10 20   15 30 14.000 -> FLPOS available with error =   0.027
2022 10 20   15 30 14.000 -> FRPOS available with error =   0.052
2022 10 20   15 30 14.000 -> BLPOS available with error =   0.027

THREE positions are available -> FL FR BL

Coordinates in the n-frame

FL ( 0.000, 0.000, 0.000)
FR (-0.770, 0.183,-0.036)
BL (-0.167,-0.753,-0.050)

Computed Euler angles:

roll  =    -2.605524298
pitch =     3.708920002
yaw1  =    77.514062237
yaw2  =    76.604385294
yaw   =    77.059223765


Rotation matrix:

    2.2347474012e-01   -9.7425305449e-01   -2.9833309177e-02
    9.7256081884e-01    2.2084629221e-01    7.3159885673e-02
   -6.4687666368e-02   -4.5364094041e-02    9.9687391620e-01

alpha =        2.605524 (deg)
beta  =       -3.708920 (deg)
gamma =      -77.059224 (deg)

Trasladando el bframe:

       0.000       0.000      -0.800      -0.800      -0.400       0.320      -0.414
       0.000       0.800       0.000       0.800       0.400       0.382       0.400
       0.000       0.000       0.000       0.000       0.000      -0.495      -0.010

Transformando el bframe con el roll, pitch y yaw calculados (origen receptor):

FL ( 0.000, 0.000, 0.000)
FR (-0.779, 0.177,-0.036)
BL (-0.179,-0.778, 0.052)
BR (-0.958,-0.601, 0.015)
OR (-0.479,-0.301, 0.008)
CAM(-0.286, 0.359,-0.531)
INS(-0.482,-0.315,-0.001)

Transformando el bframe con el roll, pitch y yaw calculados (origen b-frame):

FL ( 0.479, 0.301,-0.008)
FR (-0.300, 0.477,-0.044)
BL ( 0.300,-0.477, 0.044)
BR (-0.479,-0.301, 0.008)
OR ( 0.000, 0.000, 0.000)
CAM( 0.193, 0.660,-0.539)
INS(-0.003,-0.014,-0.009)

2022 10 20   15 30 15.000
-------------------------

2022 10 20   15 30 15.000 -> FLPOS available with error =   0.030
2022 10 20   15 30 15.000 -> FRPOS available with error =   0.051
2022 10 20   15 30 15.000 -> BLPOS available with error =   0.027

THREE positions are available -> FL FR BL

Coordinates in the n-frame

FL ( 0.000, 0.000, 0.000)
FR (-0.774, 0.177,-0.022)
BL (-0.173,-0.749,-0.037)

Computed Euler angles:

roll  =    -1.586345761
pitch =     2.754811580
yaw1  =    77.007469858
yaw2  =    77.115921508
yaw   =    77.061695683


Rotation matrix:

    2.2364297829e-01   -9.7453610243e-01   -1.6223542422e-02
    9.7348541925e-01    2.2251917590e-01    5.3022210996e-02
   -4.8062009556e-02   -2.7651427179e-02    9.9846153747e-01

alpha =        1.586346 (deg)
beta  =       -2.754812 (deg)
gamma =      -77.061696 (deg)

Trasladando el bframe:

       0.000       0.000      -0.800      -0.800      -0.400       0.320      -0.414
       0.000       0.800       0.000       0.800       0.400       0.382       0.400
       0.000       0.000       0.000       0.000       0.000      -0.495      -0.010

Transformando el bframe con el roll, pitch y yaw calculados (origen receptor):

FL ( 0.000, 0.000, 0.000)
FR (-0.780, 0.178,-0.022)
BL (-0.179,-0.779, 0.038)
BR (-0.959,-0.601, 0.016)
OR (-0.479,-0.300, 0.008)
CAM(-0.293, 0.370,-0.520)
INS(-0.482,-0.315,-0.001)

Transformando el bframe con el roll, pitch y yaw calculados (origen b-frame):

FL ( 0.479, 0.300,-0.008)
FR (-0.300, 0.478,-0.030)
BL ( 0.300,-0.478, 0.030)
BR (-0.479,-0.300, 0.008)
OR ( 0.000, 0.000, 0.000)
CAM( 0.187, 0.671,-0.528)
INS(-0.003,-0.014,-0.009)

2022 10 20   15 30 16.000
-------------------------

2022 10 20   15 30 16.000 -> FLPOS available with error =   0.030
2022 10 20   15 30 16.000 -> FRPOS available with error =   0.052
2022 10 20   15 30 16.000 -> BLPOS available with error =   0.027

THREE positions are available -> FL FR BL

Coordinates in the n-frame

FL ( 0.000, 0.000, 0.000)
FR (-0.768, 0.180,-0.030)
BL (-0.173,-0.746,-0.042)

Computed Euler angles:

roll  =    -2.176544139
pitch =     3.138199372
yaw1  =    76.951458880
yaw2  =    76.795497163
yaw   =    76.873478021


Rotation matrix:

    2.2676156881e-01   -9.7364052008e-01   -2.4562747473e-02
    9.7241052408e-01    2.2491348742e-01    6.1900693393e-02
   -5.4744530113e-02   -3.7921772487e-02    9.9778002365e-01

alpha =        2.176544 (deg)
beta  =       -3.138199 (deg)
gamma =      -76.873478 (deg)

Trasladando el bframe:

       0.000       0.000      -0.800      -0.800      -0.400       0.320      -0.414
       0.000       0.800       0.000       0.800       0.400       0.382       0.400
       0.000       0.000       0.000       0.000       0.000      -0.495      -0.010

Transformando el bframe con el roll, pitch y yaw calculados (origen receptor):

FL ( 0.000, 0.000, 0.000)
FR (-0.779, 0.180,-0.030)
BL (-0.181,-0.778, 0.044)
BR (-0.960,-0.598, 0.013)
OR (-0.480,-0.299, 0.007)
CAM(-0.287, 0.366,-0.526)
INS(-0.483,-0.313,-0.002)

Transformando el bframe con el roll, pitch y yaw calculados (origen b-frame):

FL ( 0.480, 0.299,-0.007)
FR (-0.299, 0.479,-0.037)
BL ( 0.299,-0.479, 0.037)
BR (-0.480,-0.299, 0.007)
OR ( 0.000, 0.000, 0.000)
CAM( 0.193, 0.665,-0.533)
INS(-0.003,-0.014,-0.009)

2022 10 20   15 30 17.000
-------------------------

2022 10 20   15 30 17.000 -> FLPOS available with error =   0.033
2022 10 20   15 30 17.000 -> FRPOS available with error =   0.052
2022 10 20   15 30 17.000 -> BLPOS available with error =   0.027

THREE positions are available -> FL FR BL

Coordinates in the n-frame

FL ( 0.000, 0.000, 0.000)
FR (-0.771, 0.183,-0.041)
BL (-0.171,-0.752,-0.058)

Computed Euler angles:

roll  =    -2.963191094
pitch =     4.300132712
yaw1  =    77.207682944
yaw2  =    76.623552865
yaw   =    76.915617904


Rotation matrix:

    2.2574852376e-01   -9.7361287042e-01   -3.3400338039e-02
    9.7129575731e-01    2.2230765352e-01    8.4639582988e-02
   -7.4981036568e-02   -5.1548867541e-02    9.9585167490e-01

alpha =        2.963191 (deg)
beta  =       -4.300133 (deg)
gamma =      -76.915618 (deg)

Trasladando el bframe:

       0.000       0.000      -0.800      -0.800      -0.400       0.320      -0.414
       0.000       0.800       0.000       0.800       0.400       0.382       0.400
       0.000       0.000       0.000       0.000       0.000      -0.495      -0.010

Transformando el bframe con el roll, pitch y yaw calculados (origen receptor):

FL ( 0.000, 0.000, 0.000)
FR (-0.779, 0.178,-0.041)
BL (-0.181,-0.777, 0.060)
BR (-0.959,-0.599, 0.019)
OR (-0.480,-0.300, 0.009)
CAM(-0.283, 0.354,-0.537)
INS(-0.483,-0.314, 0.000)

Transformando el bframe con el roll, pitch y yaw calculados (origen b-frame):

FL ( 0.480, 0.300,-0.009)
FR (-0.299, 0.477,-0.051)
BL ( 0.299,-0.477, 0.051)
BR (-0.480,-0.300, 0.009)
OR ( 0.000, 0.000, 0.000)
CAM( 0.197, 0.653,-0.546)
INS(-0.003,-0.014,-0.009)

2022 10 20   15 30 18.000
-------------------------

2022 10 20   15 30 18.000 -> FLPOS available with error =   0.033
2022 10 20   15 30 18.000 -> FRPOS available with error =   0.052
2022 10 20   15 30 18.000 -> BLPOS available with error =   0.027

THREE positions are available -> FL FR BL

Coordinates in the n-frame

FL ( 0.000, 0.000, 0.000)
FR (-0.775, 0.179,-0.026)
BL (-0.175,-0.750,-0.041)

Computed Euler angles:

roll  =    -1.871124554
pitch =     3.046262173
yaw1  =    76.882758183
yaw2  =    76.994581742
yaw   =    76.938669963


Rotation matrix:

    2.2567456150e-01   -9.7400144803e-01   -1.9803321010e-02
    9.7275222565e-01    2.2418311920e-01    5.9118834147e-02
   -5.3142259791e-02   -3.2605341561e-02    9.9805450348e-01

alpha =        1.871125 (deg)
beta  =       -3.046262 (deg)
gamma =      -76.938670 (deg)

Trasladando el bframe:

       0.000       0.000      -0.800      -0.800      -0.400       0.320      -0.414
       0.000       0.800       0.000       0.800       0.400       0.382       0.400
       0.000       0.000       0.000       0.000       0.000      -0.495      -0.010

Transformando el bframe con el roll, pitch y yaw calculados (origen receptor):

FL ( 0.000, 0.000, 0.000)
FR (-0.779, 0.179,-0.026)
BL (-0.181,-0.778, 0.043)
BR (-0.960,-0.599, 0.016)
OR (-0.480,-0.299, 0.008)
CAM(-0.290, 0.368,-0.523)
INS(-0.483,-0.314,-0.001)

Transformando el bframe con el roll, pitch y yaw calculados (origen b-frame):

FL ( 0.480, 0.299,-0.008)
FR (-0.299, 0.479,-0.034)
BL ( 0.299,-0.479, 0.034)
BR (-0.480,-0.299, 0.008)
OR ( 0.000, 0.000, 0.000)
CAM( 0.190, 0.667,-0.532)
INS(-0.003,-0.014,-0.009)

2022 10 20   15 30 19.000
-------------------------

2022 10 20   15 30 19.000 -> FLPOS available with error =   0.027
2022 10 20   15 30 19.000 -> FRPOS available with error =   0.052
2022 10 20   15 30 19.000 -> BLPOS available with error =   0.027

THREE positions are available -> FL FR BL

Coordinates in the n-frame

FL ( 0.000, 0.000, 0.000)
FR (-0.767, 0.185,-0.027)
BL (-0.166,-0.750,-0.039)

Computed Euler angles:

roll  =    -1.960608534
pitch =     2.906402532
yaw1  =    77.531524257
yaw2  =    76.407125079
yaw   =    76.969324668


Rotation matrix:

    2.2518265963e-01   -9.7407028181e-01   -2.1905613377e-02
    9.7299630998e-01    2.2365063667e-01    5.7083916155e-02
   -5.0704541917e-02   -3.4168389045e-02    9.9812903505e-01

alpha =        1.960609 (deg)
beta  =       -2.906403 (deg)
gamma =      -76.969325 (deg)

Trasladando el bframe:

       0.000       0.000      -0.800      -0.800      -0.400       0.320      -0.414
       0.000       0.800       0.000       0.800       0.400       0.382       0.400
       0.000       0.000       0.000       0.000       0.000      -0.495      -0.010

Transformando el bframe con el roll, pitch y yaw calculados (origen receptor):

FL ( 0.000, 0.000, 0.000)
FR (-0.779, 0.179,-0.027)
BL (-0.180,-0.778, 0.041)
BR (-0.959,-0.599, 0.013)
OR (-0.480,-0.300, 0.007)
CAM(-0.289, 0.369,-0.523)
INS(-0.483,-0.314,-0.003)

Transformando el bframe con el roll, pitch y yaw calculados (origen b-frame):

FL ( 0.480, 0.300,-0.007)
FR (-0.300, 0.479,-0.034)
BL ( 0.300,-0.479, 0.034)
BR (-0.480,-0.300, 0.007)
OR ( 0.000, 0.000, 0.000)
CAM( 0.191, 0.668,-0.530)
INS(-0.003,-0.014,-0.009)

2022 10 20   15 30 20.000
-------------------------

2022 10 20   15 30 20.000 -> FLPOS available with error =   0.027
2022 10 20   15 30 20.000 -> FRPOS available with error =   0.052
2022 10 20   15 30 20.000 -> BLPOS available with error =   0.027

THREE positions are available -> FL FR BL

Coordinates in the n-frame

FL ( 0.000, 0.000, 0.000)
FR (-0.773, 0.175,-0.036)
BL (-0.177,-0.754,-0.046)

Computed Euler angles:

roll  =    -2.599512505
pitch =     3.397674514
yaw1  =    76.814833593
yaw2  =    77.237104054
yaw   =    77.025968823


Rotation matrix:

    2.2411477138e-01   -9.7407262224e-01   -3.0904625258e-02
    9.7275902842e-01    2.2165902233e-01    6.7875993116e-02
   -5.9265857581e-02   -4.5274765919e-02    9.9721499873e-01

alpha =        2.599513 (deg)
beta  =       -3.397675 (deg)
gamma =      -77.025969 (deg)

Trasladando el bframe:

       0.000       0.000      -0.800      -0.800      -0.400       0.320      -0.414
       0.000       0.800       0.000       0.800       0.400       0.382       0.400
       0.000       0.000       0.000       0.000       0.000      -0.495      -0.010

Transformando el bframe con el roll, pitch y yaw calculados (origen receptor):

FL ( 0.000, 0.000, 0.000)
FR (-0.779, 0.177,-0.036)
BL (-0.179,-0.778, 0.047)
BR (-0.959,-0.601, 0.011)
OR (-0.479,-0.300, 0.006)
CAM(-0.285, 0.362,-0.530)
INS(-0.482,-0.315,-0.004)

Transformando el bframe con el roll, pitch y yaw calculados (origen b-frame):

FL ( 0.479, 0.300,-0.006)
FR (-0.300, 0.478,-0.042)
BL ( 0.300,-0.478, 0.042)
BR (-0.479,-0.300, 0.006)
OR ( 0.000, 0.000, 0.000)
CAM( 0.194, 0.663,-0.535)
INS(-0.003,-0.014,-0.009)

2022 10 20   15 30 21.000
-------------------------

2022 10 20   15 30 21.000 -> FLPOS available with error =   0.033
2022 10 20   15 30 21.000 -> FRPOS available with error =   0.047
2022 10 20   15 30 21.000 -> BLPOS available with error =   0.027

THREE positions are available -> FL FR BL

Coordinates in the n-frame

FL ( 0.000, 0.000, 0.000)
FR (-0.770, 0.182,-0.029)
BL (-0.171,-0.749,-0.044)

Computed Euler angles:

roll  =    -2.100099509
pitch =     3.277108675
yaw1  =    77.152460113
yaw2  =    76.674166155
yaw   =    76.913313134


Rotation matrix:

    2.2605472543e-01   -9.7384870427e-01   -2.2758784985e-02
    9.7243581077e-01    2.2423247080e-01    6.3940542510e-02
   -5.7165155885e-02   -3.6585519310e-02    9.9769416392e-01

alpha =        2.100100 (deg)
beta  =       -3.277109 (deg)
gamma =      -76.913313 (deg)

Trasladando el bframe:

       0.000       0.000      -0.800      -0.800      -0.400       0.320      -0.414
       0.000       0.800       0.000       0.800       0.400       0.382       0.400
       0.000       0.000       0.000       0.000       0.000      -0.495      -0.010

Transformando el bframe con el roll, pitch y yaw calculados (origen receptor):

FL ( 0.000, 0.000, 0.000)
FR (-0.779, 0.179,-0.029)
BL (-0.181,-0.778, 0.046)
BR (-0.960,-0.599, 0.016)
OR (-0.480,-0.299, 0.008)
CAM(-0.288, 0.365,-0.526)
INS(-0.483,-0.314,-0.001)

Transformando el bframe con el roll, pitch y yaw calculados (origen b-frame):

FL ( 0.480, 0.299,-0.008)
FR (-0.299, 0.479,-0.038)
BL ( 0.299,-0.479, 0.038)
BR (-0.480,-0.299, 0.008)
OR ( 0.000, 0.000, 0.000)
CAM( 0.192, 0.664,-0.534)
INS(-0.003,-0.014,-0.009)

2022 10 20   15 30 22.000
-------------------------

2022 10 20   15 30 22.000 -> FLPOS available with error =   0.033
2022 10 20   15 30 22.000 -> FRPOS available with error =   0.047
2022 10 20   15 30 22.000 -> BLPOS available with error =   0.027

THREE positions are available -> FL FR BL

Coordinates in the n-frame

FL ( 0.000, 0.000, 0.000)
FR (-0.767, 0.179,-0.028)
BL (-0.171,-0.754,-0.029)

Computed Euler angles:

roll  =    -2.034694222
pitch =     2.147722465
yaw1  =    77.245243257
yaw2  =    76.846736016
yaw   =    77.045989637


Rotation matrix:

    2.2401141098e-01   -9.7423414268e-01   -2.6205399834e-02
    9.7386571630e-01    2.2273083644e-01    4.4458307680e-02
   -3.7476050643e-02   -3.5479708713e-02    9.9866748014e-01

alpha =        2.034694 (deg)
beta  =       -2.147722 (deg)
gamma =      -77.045990 (deg)

Trasladando el bframe:

       0.000       0.000      -0.800      -0.800      -0.400       0.320      -0.414
       0.000       0.800       0.000       0.800       0.400       0.382       0.400
       0.000       0.000       0.000       0.000       0.000      -0.495      -0.010

Transformando el bframe con el roll, pitch y yaw calculados (origen receptor):

FL ( 0.000, 0.000, 0.000)
FR (-0.779, 0.178,-0.028)
BL (-0.179,-0.779, 0.030)
BR (-0.959,-0.601, 0.002)
OR (-0.479,-0.300, 0.001)
CAM(-0.288, 0.375,-0.520)
INS(-0.482,-0.315,-0.009)

Transformando el bframe con el roll, pitch y yaw calculados (origen b-frame):

FL ( 0.479, 0.300,-0.001)
FR (-0.300, 0.479,-0.029)
BL ( 0.300,-0.479, 0.029)
BR (-0.479,-0.300, 0.001)
OR ( 0.000, 0.000, 0.000)
CAM( 0.192, 0.675,-0.521)
INS(-0.003,-0.014,-0.009)

2022 10 20   15 30 23.000
-------------------------

2022 10 20   15 30 23.000 -> FLPOS available with error =   0.033
2022 10 20   15 30 23.000 -> FRPOS available with error =   0.047
2022 10 20   15 30 23.000 -> BLPOS available with error =   0.027

THREE positions are available -> FL FR BL

Coordinates in the n-frame

FL ( 0.000, 0.000, 0.000)
FR (-0.769, 0.176,-0.026)
BL (-0.171,-0.756,-0.038)

Computed Euler angles:

roll  =    -1.886669431
pitch =     2.806303923
yaw1  =    77.281815845
yaw2  =    77.094787214
yaw   =    77.188301529


Rotation matrix:

    2.2148166657e-01   -9.7493292860e-01   -2.1252202175e-02
    9.7393471179e-01    2.2005563492e-01    5.5015404272e-02
   -4.8959662362e-02   -3.2883160825e-02    9.9825930960e-01

alpha =        1.886669 (deg)
beta  =       -2.806304 (deg)
gamma =      -77.188302 (deg)

Trasladando el bframe:

       0.000       0.000      -0.800      -0.800      -0.400       0.320      -0.414
       0.000       0.800       0.000       0.800       0.400       0.382       0.400
       0.000       0.000       0.000       0.000       0.000      -0.495      -0.010

Transformando el bframe con el roll, pitch y yaw calculados (origen receptor):

FL ( 0.000, 0.000, 0.000)
FR (-0.780, 0.176,-0.026)
BL (-0.177,-0.779, 0.039)
BR (-0.957,-0.603, 0.013)
OR (-0.479,-0.302, 0.006)
CAM(-0.291, 0.368,-0.522)
INS(-0.481,-0.316,-0.003)

Transformando el bframe con el roll, pitch y yaw calculados (origen b-frame):

FL ( 0.479, 0.302,-0.006)
FR (-0.301, 0.478,-0.033)
BL ( 0.301,-0.478, 0.033)
BR (-0.479,-0.302, 0.006)
OR ( 0.000, 0.000, 0.000)
CAM( 0.188, 0.670,-0.529)
INS(-0.003,-0.014,-0.009)

2022 10 20   15 30 24.000
-------------------------

2022 10 20   15 30 24.000 -> FLPOS available with error =   0.027
2022 10 20   15 30 24.000 -> FRPOS available with error =   0.047
2022 10 20   15 30 24.000 -> BLPOS available with error =   0.027

THREE positions are available -> FL FR BL

Coordinates in the n-frame

FL ( 0.000, 0.000, 0.000)
FR (-0.766, 0.175,-0.027)
BL (-0.168,-0.756,-0.037)

Computed Euler angles:

roll  =    -1.967015617
pitch =     2.735160162
yaw1  =    77.495940618
yaw2  =    77.110420011
yaw   =    77.303180315


Rotation matrix:

    2.1954166344e-01   -9.7533191077e-01   -2.3002648833e-02
    9.7443538260e-01    2.1806466701e-01    5.4069271734e-02
   -4.7719421156e-02   -3.4285052774e-02    9.9827220336e-01

alpha =        1.967016 (deg)
beta  =       -2.735160 (deg)
gamma =      -77.303180 (deg)

Trasladando el bframe:

       0.000       0.000      -0.800      -0.800      -0.400       0.320      -0.414
       0.000       0.800       0.000       0.800       0.400       0.382       0.400
       0.000       0.000       0.000       0.000       0.000      -0.495      -0.010

Transformando el bframe con el roll, pitch y yaw calculados (origen receptor):

FL ( 0.000, 0.000, 0.000)
FR (-0.780, 0.174,-0.027)
BL (-0.176,-0.780, 0.038)
BR (-0.956,-0.605, 0.011)
OR (-0.478,-0.303, 0.005)
CAM(-0.291, 0.368,-0.523)
INS(-0.481,-0.317,-0.004)

Transformando el bframe con el roll, pitch y yaw calculados (origen b-frame):

FL ( 0.478, 0.303,-0.005)
FR (-0.302, 0.477,-0.033)
BL ( 0.302,-0.477, 0.033)
BR (-0.478,-0.303, 0.005)
OR ( 0.000, 0.000, 0.000)
CAM( 0.187, 0.671,-0.528)
INS(-0.003,-0.014,-0.009)

2022 10 20   15 30 25.000
-------------------------

2022 10 20   15 30 25.000 -> FLPOS available with error =   0.030
2022 10 20   15 30 25.000 -> FRPOS available with error =   0.046
2022 10 20   15 30 25.000 -> BLPOS available with error =   0.027

THREE positions are available -> FL FR BL

Coordinates in the n-frame

FL ( 0.000, 0.000, 0.000)
FR (-0.771, 0.175,-0.022)
BL (-0.175,-0.755,-0.035)

Computed Euler angles:

roll  =    -1.593163691
pitch =     2.584926155
yaw1  =    76.976988097
yaw2  =    77.201477389
yaw   =    77.089232743


Rotation matrix:

    2.2320594303e-01   -9.7462259600e-01   -1.7026519455e-02
    9.7372741655e-01    2.2212473049e-01    5.0154983492e-02
   -4.5100169168e-02   -2.7774079189e-02    9.9859630245e-01

alpha =        1.593164 (deg)
beta  =       -2.584926 (deg)
gamma =      -77.089233 (deg)

Trasladando el bframe:

       0.000       0.000      -0.800      -0.800      -0.400       0.320      -0.414
       0.000       0.800       0.000       0.800       0.400       0.382       0.400
       0.000       0.000       0.000       0.000       0.000      -0.495      -0.010

Transformando el bframe con el roll, pitch y yaw calculados (origen receptor):

FL ( 0.000, 0.000, 0.000)
FR (-0.780, 0.178,-0.022)
BL (-0.179,-0.779, 0.036)
BR (-0.958,-0.601, 0.014)
OR (-0.479,-0.301, 0.007)
CAM(-0.292, 0.372,-0.519)
INS(-0.482,-0.315,-0.002)

Transformando el bframe con el roll, pitch y yaw calculados (origen b-frame):

FL ( 0.479, 0.301,-0.007)
FR (-0.301, 0.478,-0.029)
BL ( 0.301,-0.478, 0.029)
BR (-0.479,-0.301, 0.007)
OR ( 0.000, 0.000, 0.000)
CAM( 0.187, 0.672,-0.526)
INS(-0.003,-0.014,-0.009)

2022 10 20   15 30 26.000
-------------------------

2022 10 20   15 30 26.000 -> FLPOS available with error =   0.027
2022 10 20   15 30 26.000 -> FRPOS available with error =   0.052
2022 10 20   15 30 26.000 -> BLPOS available with error =   0.027

THREE positions are available -> FL FR BL

Coordinates in the n-frame

FL ( 0.000, 0.000, 0.000)
FR (-0.768, 0.177,-0.016)
BL (-0.168,-0.757,-0.022)

Computed Euler angles:

roll  =    -1.162332023
pitch =     1.625080644
yaw1  =    77.514309045
yaw2  =    77.005994766
yaw   =    77.260151905


Rotation matrix:

    2.2043592064e-01   -9.7530757174e-01   -1.3533122056e-02
    9.7498910782e-01    2.1991813241e-01    3.2128720225e-02
   -2.8359205178e-02   -2.0276970621e-02    9.9939211521e-01

alpha =        1.162332 (deg)
beta  =       -1.625081 (deg)
gamma =      -77.260152 (deg)

Trasladando el bframe:

       0.000       0.000      -0.800      -0.800      -0.400       0.320      -0.414
       0.000       0.800       0.000       0.800       0.400       0.382       0.400
       0.000       0.000       0.000       0.000       0.000      -0.495      -0.010

Transformando el bframe con el roll, pitch y yaw calculados (origen receptor):

FL ( 0.000, 0.000, 0.000)
FR (-0.780, 0.176,-0.016)
BL (-0.176,-0.780, 0.023)
BR (-0.957,-0.604, 0.006)
OR (-0.478,-0.302, 0.003)
CAM(-0.295, 0.380,-0.512)
INS(-0.481,-0.316,-0.006)

Transformando el bframe con el roll, pitch y yaw calculados (origen b-frame):

FL ( 0.478, 0.302,-0.003)
FR (-0.302, 0.478,-0.019)
BL ( 0.302,-0.478, 0.019)
BR (-0.478,-0.302, 0.003)
OR ( 0.000, 0.000, 0.000)
CAM( 0.183, 0.682,-0.515)
INS(-0.003,-0.014,-0.010)

2022 10 20   15 30 27.000
-------------------------

2022 10 20   15 30 27.000 -> FLPOS available with error =   0.033
2022 10 20   15 30 27.000 -> FRPOS available with error =   0.046
2022 10 20   15 30 27.000 -> BLPOS available with error =   0.027

THREE positions are available -> FL FR BL

Coordinates in the n-frame

FL ( 0.000, 0.000, 0.000)
FR (-0.770, 0.177,-0.021)
BL (-0.171,-0.755,-0.030)

Computed Euler angles:

roll  =    -1.521680678
pitch =     2.218932565
yaw1  =    77.263151716
yaw2  =    77.042816297
yaw   =    77.152984007


Rotation matrix:

    2.2218189271e-01   -9.7485201384e-01   -1.7284607766e-02
    9.7423617419e-01    2.2126777611e-01    4.3639983437e-02
   -3.8717999016e-02   -2.6535304260e-02    9.9889778966e-01

alpha =        1.521681 (deg)
beta  =       -2.218933 (deg)
gamma =      -77.152984 (deg)

Trasladando el bframe:

       0.000       0.000      -0.800      -0.800      -0.400       0.320      -0.414
       0.000       0.800       0.000       0.800       0.400       0.382       0.400
       0.000       0.000       0.000       0.000       0.000      -0.495      -0.010

Transformando el bframe con el roll, pitch y yaw calculados (origen receptor):

FL ( 0.000, 0.000, 0.000)
FR (-0.780, 0.177,-0.021)
BL (-0.178,-0.779, 0.031)
BR (-0.958,-0.602, 0.010)
OR (-0.479,-0.301, 0.005)
CAM(-0.293, 0.375,-0.517)
INS(-0.482,-0.315,-0.005)

Transformando el bframe con el roll, pitch y yaw calculados (origen b-frame):

FL ( 0.479, 0.301,-0.005)
FR (-0.301, 0.478,-0.026)
BL ( 0.301,-0.478, 0.026)
BR (-0.479,-0.301, 0.005)
OR ( 0.000, 0.000, 0.000)
CAM( 0.186, 0.676,-0.522)
INS(-0.003,-0.014,-0.009)

2022 10 20   15 30 28.000
-------------------------

2022 10 20   15 30 28.000 -> FLPOS available with error =   0.027
2022 10 20   15 30 28.000 -> FRPOS available with error =   0.048
2022 10 20   15 30 28.000 -> BLPOS available with error =   0.024

THREE positions are available -> FL FR BL

Coordinates in the n-frame

FL ( 0.000, 0.000, 0.000)
FR (-0.765, 0.171,-0.022)
BL (-0.168,-0.761,-0.023)

Computed Euler angles:

roll  =    -1.606988155
pitch =     1.690451656
yaw1  =    77.586665298
yaw2  =    77.374637435
yaw   =    77.480651367


Rotation matrix:

    2.1667495403e-01   -9.7601824192e-01   -2.0984654697e-02
    9.7579799853e-01    2.1587643391e-01    3.4865905099e-02
   -2.9499666975e-02   -2.8031352438e-02    9.9917166339e-01

alpha =        1.606988 (deg)
beta  =       -1.690452 (deg)
gamma =      -77.480651 (deg)

Trasladando el bframe:

       0.000       0.000      -0.800      -0.800      -0.400       0.320      -0.414
       0.000       0.800       0.000       0.800       0.400       0.382       0.400
       0.000       0.000       0.000       0.000       0.000      -0.495      -0.010

Transformando el bframe con el roll, pitch y yaw calculados (origen receptor):

FL ( 0.000, 0.000, 0.000)
FR (-0.781, 0.173,-0.022)
BL (-0.173,-0.781, 0.024)
BR (-0.954,-0.608, 0.001)
OR (-0.477,-0.304, 0.001)
CAM(-0.293, 0.377,-0.515)
INS(-0.480,-0.318,-0.009)

Transformando el bframe con el roll, pitch y yaw calculados (origen b-frame):

FL ( 0.477, 0.304,-0.001)
FR (-0.304, 0.477,-0.023)
BL ( 0.304,-0.477, 0.023)
BR (-0.477,-0.304, 0.001)
OR ( 0.000, 0.000, 0.000)
CAM( 0.184, 0.681,-0.515)
INS(-0.003,-0.014,-0.010)

2022 10 20   15 30 29.000
-------------------------

2022 10 20   15 30 29.000 -> FRPOS available with error =   0.046
2022 10 20   15 30 29.000 -> BLPOS available with error =   0.027

TWO positions are available -> 
NO FWRDPOS
NO BACKPOS
NO LEFTPOS
NO RIGHTPOS

DIAGONAL BL FR

FR (-0.604, 0.933, 0.012)
BL ( 0.000, 0.000, 0.000)

BL->FR  az =   122.896781 deg
Computed Euler angles:

roll  =     0.000000000 -> this angle has been set to 0 because it cannot be compute
pitch =     0.000000000 -> this angle has been set to 0 because it cannot be compute
yaw   =    77.896781099


Rotation matrix:

    2.0967349485e-01   -9.7777145876e-01    0.0000000000e+00
    9.7777145876e-01    2.0967349485e-01    0.0000000000e+00
    0.0000000000e+00    0.0000000000e+00    1.0000000000e+00

alpha =       -0.000000 (deg)
beta  =        0.000000 (deg)
gamma =      -77.896781 (deg)

Trasladando el bframe:

       0.800       0.800       0.000       0.000       0.400       1.120       0.386
       0.000       0.800       0.000       0.800       0.400       0.382       0.400
       0.000       0.000       0.000       0.000       0.000      -0.495      -0.010

Transformando el bframe con el roll, pitch y yaw calculados (origen receptor):

FL ( 0.168, 0.782, 0.000)
FR (-0.614, 0.950, 0.000)
BL ( 0.000, 0.000, 0.000)
BR (-0.782, 0.168, 0.000)
OR (-0.307, 0.475, 0.000)
CAM(-0.139, 1.175,-0.495)
INS(-0.310, 0.461,-0.010)

Transformando el bframe con el roll, pitch y yaw calculados (origen b-frame):

FL ( 0.475, 0.307, 0.000)
FR (-0.307, 0.475, 0.000)
BL ( 0.307,-0.475, 0.000)
BR (-0.475,-0.307, 0.000)
OR ( 0.000, 0.000, 0.000)
CAM( 0.169, 0.700,-0.495)
INS(-0.003,-0.014,-0.010)

2022 10 20   15 30 30.000
-------------------------

2022 10 20   15 30 30.000 -> FLPOS available with error =   0.044
2022 10 20   15 30 30.000 -> FRPOS available with error =   0.045
2022 10 20   15 30 30.000 -> BLPOS available with error =   0.030

THREE positions are available -> FL FR BL

Coordinates in the n-frame

FL ( 0.000, 0.000, 0.000)
FR (-0.771, 0.168,-0.018)
BL (-0.169,-0.761,-0.026)

Computed Euler angles:

roll  =    -1.306458050
pitch =     1.910202479
yaw1  =    77.515349944
yaw2  =    77.693255466
yaw   =    77.604302705


Rotation matrix:

    2.1454269355e-01   -9.7659764949e-01   -1.5115014470e-02
    9.7614565203e-01    2.1386390009e-01    3.7441931972e-02
   -3.3333146811e-02   -2.2787348592e-02    9.9918448650e-01

alpha =        1.306458 (deg)
beta  =       -1.910202 (deg)
gamma =      -77.604303 (deg)

Trasladando el bframe:

       0.000       0.000      -0.800      -0.800      -0.400       0.320      -0.414
       0.000       0.800       0.000       0.800       0.400       0.382       0.400
       0.000       0.000       0.000       0.000       0.000      -0.495      -0.010

Transformando el bframe con el roll, pitch y yaw calculados (origen receptor):

FL ( 0.000, 0.000, 0.000)
FR (-0.781, 0.171,-0.018)
BL (-0.172,-0.781, 0.027)
BR (-0.953,-0.610, 0.008)
OR (-0.476,-0.305, 0.004)
CAM(-0.297, 0.376,-0.514)
INS(-0.479,-0.319,-0.005)

Transformando el bframe con el roll, pitch y yaw calculados (origen b-frame):

FL ( 0.476, 0.305,-0.004)
FR (-0.305, 0.476,-0.022)
BL ( 0.305,-0.476, 0.022)
BR (-0.476,-0.305, 0.004)
OR ( 0.000, 0.000, 0.000)
CAM( 0.180, 0.680,-0.518)
INS(-0.003,-0.014,-0.010)

2022 10 20   15 30 31.000
-------------------------

2022 10 20   15 30 31.000 -> FLPOS available with error =   0.042
2022 10 20   15 30 31.000 -> FRPOS available with error =   0.051
2022 10 20   15 30 31.000 -> BLPOS available with error =   0.027

THREE positions are available -> FL FR BL

Coordinates in the n-frame

FL ( 0.000, 0.000, 0.000)
FR (-0.774, 0.171,-0.012)
BL (-0.180,-0.761,-0.031)

Computed Euler angles:

roll  =    -0.867058236
pitch =     2.269145623
yaw1  =    76.734552920
yaw2  =    77.535484684
yaw   =    77.135018802


Rotation matrix:

    2.2247971496e-01   -9.7491923666e-01   -5.9378800263e-03
    9.7413300660e-01    2.2204470299e-01    4.1964691404e-02
   -3.9593710104e-02   -1.5120577505e-02    9.9910144943e-01

alpha =        0.867058 (deg)
beta  =       -2.269146 (deg)
gamma =      -77.135019 (deg)

Trasladando el bframe:

       0.000       0.000      -0.800      -0.800      -0.400       0.320      -0.414
       0.000       0.800       0.000       0.800       0.400       0.382       0.400
       0.000       0.000       0.000       0.000       0.000      -0.495      -0.010

Transformando el bframe con el roll, pitch y yaw calculados (origen receptor):

FL ( 0.000, 0.000, 0.000)
FR (-0.780, 0.178,-0.012)
BL (-0.178,-0.779, 0.032)
BR (-0.958,-0.602, 0.020)
OR (-0.479,-0.301, 0.010)
CAM(-0.298, 0.376,-0.513)
INS(-0.482,-0.315, 0.000)

Transformando el bframe con el roll, pitch y yaw calculados (origen b-frame):

FL ( 0.479, 0.301,-0.010)
FR (-0.301, 0.478,-0.022)
BL ( 0.301,-0.478, 0.022)
BR (-0.479,-0.301, 0.010)
OR ( 0.000, 0.000, 0.000)
CAM( 0.181, 0.677,-0.523)
INS(-0.003,-0.014,-0.009)

2022 10 20   15 30 32.000
-------------------------

2022 10 20   15 30 32.000 -> FRPOS available with error =   0.052
2022 10 20   15 30 32.000 -> BLPOS available with error =   0.031

TWO positions are available -> 
NO FWRDPOS
NO BACKPOS
NO LEFTPOS
NO RIGHTPOS

DIAGONAL BL FR

FR (-0.595, 0.945, 0.009)
BL ( 0.000, 0.000, 0.000)

BL->FR  az =   122.209175 deg
Computed Euler angles:

